public static byte fn_A(short a){
  final int[] b={0,0,1,1,2,2,2,2,3,3,3,3,3,3,3,3,4,4,4,4,4,4,4,4,4,4,4,4,4,4,4,4,5,5,5,5,5,5,5,5,5,5,5,5,5,5,5,5,5,5,5,5,5,5,5,5,5,5,5,5,5,5,5,5,6,6,6,6,6,6,6,6,6,6,6,6,6,6,6,6,6,6,6,6,6,6,6,6,6,6,6,6,6,6,6,6,6,6,6,6,6,6,6,6,6,6,6,6,6,6,6,6,6,6,6,6,6,6,6,6,6,6,6,6,6,6,6,6,7,7,7,7,7,7,7,7,7,7,7,7,7,7,7,7,7,7,7,7,7,7,7,7,7,7,7,7,7,7,7,7,7,7,7,7,7,7,7,7,7,7,7,7,7,7,7,7,7,7,7,7,7,7,7,7,7,7,7,7,7,7,7,7,7,7,7,7,7,7,7,7,7,7,7,7,7,7,7,7,7,7,7,7,7,7,7,7,7,7,7,7,7,7,7,7,7,7,7,7,7,7,7,7,7,7,7,7,7,7,7,7,7,7,7,7,7,7,7,7,7,7,7,7,7,7,7,7};
  int c, d, e;
  short f;
  final short g=32635;
  final short h=0x0084;
  c=(a >> 8) & 0x80;
  if (c != 0) {
    a=(short)-a;
  }
  if (a > g)   a=g;
  a=(short)(a + h);
  d=b[(a >> 7) & 0xFF];
  e=(a >> (d + 3)) & 0x0F;
  f=(short)((~(c | (d << 4) | e)) & 0x00FF);
  if (f == 0)   f=0x02;
  return (byte)(f - 128);
}
